Rate ratio EUR/USD
1837.25
1836.5
1836.25
1836.5
1837.0
1837.25
1836.25
1832.25
1832.75
1833.25
1834.0
1832.75
1830.5
1831.25
1832.25
1832.25
1831.25
1831.5
1831.25
1830.75
1833.25
1832.5
1832.0
1832.25
1830.75
1832.0
1831.75
1832.5
1832.5
1831.5
1830.0
1830.25
1830.75
1828.75
1827.0
1827.25
1827.75
1828.0
1827.5
1826.75
1827.0
1826.5
1826.0
1826.5
1824.75
1826.0
1826.5
1827.25
1827.25
1826.5
1826.25
1826.25
1825.75
1825.75
1825.5
1825.0
1824.75
1826.75
1825.75
1826.75
1827.0
1827.0
1826.0
1823.0
1823.75
1823.25
1824.5
1824.5
1825.5
1825.75
1825.5
1824.75
1825.0
1825.75
1826.75
1828.25
1827.75
1826.75
1826.5
1825.75
1826.75
1828.0
1827.75
1826.25
1827.25
1827.5
1826.25
1826.5
1826.5
1826.5
1826.25
1826.75
1826.75
1827.0
1826.75
1826.5
1827.5
1827.5
1827.5
1827.5
1827.25
1827.25
1827.0
1827.25
1827.25
1827.75
1827.75
1828.0
1827.75
1827.25
1827.25
1827.25
1827.5
1827.75
1827.75
1827.75
1827.75
1828.0
1827.75
1828.0
1828.25
1828.25
1828.5
1828.25
1829.0
1828.75
1829.25
1828.75
1829.0
1828.5
1828.0
1827.75
1830.0
1829.5
1829.75
1829.0
1828.75
1829.0
1829.25
1831.75
1830.5
1831.25
1830.5
1831.25
1832.25
1830.5
1830.75
1830.25
1830.5
1830.75
1831.5
1830.75
1831.75
1829.75
1830.0
1830.25
1831.0
1831.5
1829.75
1828.0
1828.0
1826.0
1826.0
1826.25
1825.75
1825.0
1825.25
1824.25
1824.0
1824.5
1824.5
1824.5
1825.0
1825.5
1825.5
1826.25
1826.25
1826.5
1826.5
1825.5
1825.25
1826.0
1825.5
1825.5
1826.0
1825.75
1824.25
1825.0
1824.5
1825.0
1825.5
1825.0
1826.25
1825.25
1826.0
1825.75
1826.0
1825.75
1825.5
1826.5
1827.25
1829.25
1830.0
1829.0
1828.75
1829.0
1831.0
1831.0
1830.75
1830.5
1830.5
1830.25
1829.0
1828.25
1826.75
1824.75
1825.5
1825.5
1825.25
1824.25
1824.5
1824.5
1824.0
1824.0
1823.5
1823.5
1824.0
1823.25
1830.0
1830.75
1831.0
1831.25
1831.0
1831.5
1830.25
1828.5
1825.75
1825.75
1825.75
1826.5
1825.0
1825.25
1825.0
1826.75
1827.0
1826.75
1826.75
1826.5
1825.25
1824.25
1825.5
1822.5
1823.0
1822.5
1821.0
1818.75
1818.75
1819.25
1819.5
1819.25
1818.75
1819.0
1820.0
1820.5
1819.75
1820.25
1820.0
1820.25
1820.5
1819.5
1819.25
1819.0
1818.75
1818.75
1820.75
1820.0
1819.5
1818.75
1819.25
1820.5
1820.25
1819.75
1819.0
1820.75
1820.25
1820.25
1823.0
1823.25
1823.25
1822.25
1823.75
1822.25
1823.5
1823.25
1823.5
1824.5
1825.0
1825.25
1824.75
1825.25
1823.5
1823.75
1824.5
1824.75
1824.75
1824.75
1821.5
1822.5
1822.5
1823.0
1823.25
1820.75
1820.25
1820.75
1820.5
1820.0
1820.25
1820.25
1819.75
1819.5
1819.75
1819.75
1819.75
1820.0
1820.75
1820.5
1820.5
1820.75
1820.75
1820.75
1821.0
1820.75
1820.5
1821.0
1820.75
1820.5
1821.0
1820.75
1821.0
1821.0
1820.75
1820.5
1820.5
1820.75
1820.75
1820.5
1820.5
1820.75
1820.75
1820.5
1820.75
1820.5
1820.75
1821.0
1821.25
1821.75
1821.75
1822.0
1821.75
1821.75
1827.5
1827.25
1827.0
1827.25
1827.75
1827.5
1827.75
1829.0
1829.25
1829.5
1830.25
1831.75
1832.0
1831.75
1832.0
1831.75
1833.0
1832.25
1832.25
1833.0
1834.5
1833.25
1833.5
1833.25
1832.75
1832.25
1832.5
1833.0
1832.0
1831.75
1832.25
1831.75
1831.5
1831.5
1831.25
1831.0
1831.25
1830.5
1830.25
1830.75
1830.5
1831.0
1831.75
1831.75
1832.0
1831.75
1832.0
1832.5
1832.0
1832.5
1832.5
1832.25
1832.25
1832.5
1832.5
1833.0
1833.0
1832.25
1830.75
1830.25
1829.0
1828.5
1829.0
1828.75
1828.75
1830.5
1831.5
1831.75
1832.0
1831.5
1831.5
1831.75
1832.0
1832.5
1832.0
1833.25
1832.75
1832.75
1834.0
1832.25
1833.75
1833.0
1832.0
1831.0
1831.5
1831.25
1830.75
1830.5
1830.25
1830.5
1830.5
1830.0
1830.25
1830.25
1830.5
1830.5
1830.5
1830.75
1830.75
1830.5
1830.75
1830.75
1830.75
1830.5
1831.0
1830.75
1830.75
1830.5
1830.5
1830.0
1829.5
1829.5
1829.5
1830.0
1830.0
1830.0
1830.0
1829.75
1829.5
1829.75
1829.75
1829.75
1829.75
1829.5
1830.0
1830.0
1830.0
1830.0
1830.25
1830.25
1830.75
1830.5
1830.0